start: 873401.3843102
start: 873485.4212863:(1)
start: 874148.1189915:(2)
start: 874741.7148025:(3)
start: 875391.9506426:(4)
end: 876092.324587